3524383237
4151412785
928591230
2303967200
484837104
1275027423
3036509320
1773355119
3217125555
2841375579
3979117564
1669524851
4069612535
3875666615
695022502
4030473645
4160193020
1212660034
823325645
2708250305
1926185411
1250907189
815926206
3664209910
3928009061
2508733423
413885093
2538490291
3006736912
2330808781
1478651832
2346090192
86357782
1144232431
2179917774
1969377889
721847176
237094599
2347170849
3838840854
4144452353
320807311
2920024398
2016405343
1210221036
2860038823
2135339466
3502033207
2896899569
90336015
3980613614
2697786516
1453192480
757745121
2892343291
453963763
2778471960
200725720
1075113123
3758489312
1906721605
898059949
1359089025
37442674
2839699732
2362970771
1887475140
2495122233
1556711195
3865189355
2688359693
3069939399
3620735356
3335158794
927555111
2840224322
2825050988
4161859086
1548922580
920098491
3440157804
3656999403
1736949937
2953113062
3478815977
2598578760
1873700823
1219861353
3861410142
957966551
3630173389
774200087
597694631
2751194348
1123221617
3749111343
2741001787
2295781045
1807880845
1832723821
1147838108
3253516792
555648879
2267730783
2749793858
2286153816
2508494183
2706775902
3734024354
517650935
1310958773
2968346418
343819248
3072933922
2194652126
3845832521
1113584079
2283421712
69939471
3336176906
746361942
1842228768
1414446861
4071616105
935075688
680253158
625202102
470322394
688149010
1287297794
3234837334
3747884675
1551641203
4046931450
2917844930
659264982
712146927
1637601886
2062766220
1481081777
1214389802
3862818875
2079762319
389688850
1170695733
1196739291
1839043812
3253994476
3498073752
782025151
3732743141
926285049
357918189
25177948
2978800635
2761398253
3568190127
983129472
2398115119
2681306407
4137230564
2472917007
2872436352
3559015840
3231124407
1238790945
2379311571
3486915975
2501429225
3961945304
760332652
561405869
3027234070
3538292616
3973163682
750067838
871068083
986888643
3464047276
2465875999
1044824881
4234016794
72938306
439079761
4262536639
66386485
911544760
1493164181
1149829606
623781398
3621932694
3700734573
542221757
442684026
583483507
3960991611
1217973574
3056657161
2881365096
2319042632
2755686273
1647718667
1854836818
2150085250
3672234560
11698821
1377390065
1412612349
3005134265
2380459511
4132971672
1291298587
4061032990
4040304322
3944462685
3115906146
4285777283
1062841427
2986663770
3535873173
3846828659
1935663459
3791531854
3490760034
3035555134
3558797737
1837117877
538332911
2174840441
1645504226
1564029371
3797487817
2749272893
1130043210
1783089550
2857409206
2377284499
3439486378
2316173868
3314972427
3261791692
3265023296
2917744749
2308897848
1458503572
1757044280
3932652522
472543785
2953098650
541746981
901841137
2869398550
307861592
1569896459
138953926
2880273385
1997736543
2531464385
3767729131
677548530
3373398039
2490105963
2903897081
1534856589
2753265342
1152165109
3661171971
180334834
4253612738
330713358
1684211068
1121967038
2854849010
544079933
3178507951
4272105573
3012181993
2102533618
3402844896
1261827700
2695477284
2968781427
2862337337
2124367982
1694242735
1723927837
2654492531
2149521664
333730946
1852851585
2692158018
2357174019
2036725067
636966181
3263039822
3354127814
1799321666
2798373694
2426052169
643619261
2069217165
3173590501
1807572850
3355364646
1174134936
1471585118
1581565608
1665830325
1039675274
3512120901
2602944751
1477913661
2734354410
1553682637
794909705
389527252
1345767644
3282060240
3303310882
1953756819
2447974746
180388932
3932572882
2925001908
3111231148
247375922
47595144
1311858505
3808110826
763673469
1836432858
3713771880
1002732762
740979891
1245968832
4053753225
344580881
986986288
593164381
1830831928
1556829735
409405138
2793124295
919309114
1093497117
157104912
4061521454
1471348808
1596166126
1665728668
2647500106
2837364501
4242728763
3576341935
1248278796
2663563121
2426111347
3690266521
1185553306
1675162713
2519491898
2672424046
2687366009
3231395147
3773221949
528493204
2979228546
840950829
2019341791
3650754610
3451268010
3332784189
3965624469
387657610
3856968281
3833092279
198036412
1938016962
3689489012
2108575433
3330339457
3499877065
2198063797
2704687569
2977994187
1193715292
2900818799
1442403961
1043843466
1555577018
2733948314
1091523896
1827537832
2452489278
2091652288
1267088326
908704885
3622701024
1570215754
2805010691
557890488
34024308
729480858
2580632008
1943939325
1947733648
3473954397
2727521929
997825444
1096874908
2358074010
498233031
345650923
3490707071
602112778
1608653061
3051722650
2735061599
4007832854
2789200587
3899480616
3658959794
1304656277
1105819402
4202454309
528312544
1490074656
2347537110
3622174935
52265784
325620544
2277157915
444053869
4184003016
3735300796
3878210009
1634854692
3349993091
1777432945
2358656339
3868001037
1379607372
3538462311
832237063
4135583306
451430864
2456465671
1040466531
3929541623
2156875316
1165808834
364871524
1582260230
2236434826
2747388467
2880835270
3594653195
1656201150
3326359828
341841423
4148364962
1235319017
1337352074
3657514749
2791019953
4133718875
3483346995
2285473039
946229881
2007525
772947656
1633362377
1316215221
2682716627
877320779
4199903566
899931775
2559965726
3271176898
1121618189
3810619424
2334208490
3179733306
3345709999
3779045122
1955623000
989185846
976082443
683936829
1066200487
2374874466
1266719862
668071822
1880510058
1663054064
3625021329
3777900570
1766468234
2676451912
4232200080
1242488763
933229025
2039043942
3446323451
3037001002
2377746271
2948975627
1092338700
1953182179
278146730
2880379140
1492347978
3377865600
3642285433
678026920
1979826893
1155483778
4086565129
1640582938
375675175
2224741039
653997534
3583718578
2183937483
1789478001
3650083217
2682134813
975231106
3772823030
2959337332
1872679083
1034723855
1949126250
1858394444
2696162855
2024968395
813497750
1961119214
3952139767
1347744629
3782784216
2081977687
2025845497
383656404
123827757
3951209366
3800768847
4272386053
3570401300
66264498
2439072406
4049987098
1097338674
3087053340
1157459166
3549747514
606701542
1791880224
1475021059
417922958
1404018128
758877990
3270566791
3350895697
1589215979
2894896720
1470766464
372164350
3118383514
2917036050
2467774202
674434063
3126370744
587287267
967416682
2443430073
2716190148
1004819877
88824586
3704342281
2191498709
3098924545
899189829
1345697478
1980481743
2171723304
271167820
1285476974
2334166480
3016361476
3638101680
3249977966
3381760707
907248409
4164416188
2721890535
440538726
1313560156
972972713
360662528
734880186
1089069381
3240958211
253681810
667554601
2523418289
2898374332
1153071439
3024879032
2519555546
1184973015
1587015399
990820620
849437730
8879272
3026733911
4172678395
3532455342
473785996
772838327
4283926171
3455912472
313034938
1395742259